99
6 2 0 2 0 2 0
3 1 0 2 0 0 0
296 133 0 57 0 106 0
999 250 0 250 0 499 0
711 65 0 5 0 641 0
5 2 0 3 0 0 0
415 104 0 114 0 197 0
397 96 0 154 0 147 0
805 96 0 318 0 391 0
746 86 0 372 0 288 0
839 270 0 319 0 250 0
808 79 0 12 0 717 0
1000 500 0 250 0 250 0
999 249 0 250 0 500 0
171 47 0 79 0 45 0
721 61 0 325 0 335 0
206 97 0 75 0 34 0
138 62 0 41 0 35 0
4 2 0 1 0 1 0
935 396 0 222 0 317 0
832 6 0 47 0 779 0
3 1 0 1 0 1 0
399 112 0 116 0 171 0
5 1 0 2 0 2 0
176 17 0 87 0 72 0
728 204 0 341 0 183 0
99 31 0 44 0 24 0
3 0 0 2 0 1 0
85 25 0 31 0 29 0
1000 1 0 499 0 500 0
1000 501 0 499 0 0 0
536 250 0 72 0 214 0
418 117 0 158 0 143 0
346 149 0 111 0 86 0
5 1 0 3 0 1 0
838 135 0 396 0 307 0
666 310 0 231 0 125 0
780 243 0 256 0 281 0
915 258 0 392 0 265 0
304 39 0 117 0 148 0
95 24 0 29 0 42 0
846 355 0 369 0 122 0
396 11 0 212 0 173 0
6 2 0 1 0 3 0
878 141 0 394 0 343 0
880 436 0 189 0 255 0
610 233 0 248 0 129 0
6 0 0 3 0 3 0
4 1 0 1 0 2 0
910 391 0 193 0 326 0
364 171 0 141 0 52 0
645 241 0 310 0 94 0
1000 500 0 0 0 500 0
934 295 0 366 0 273 0
3 3 0 0 0 0 0
999 333 0 333 0 333 0
14 3 0 6 0 5 0
721 343 0 58 0 320 0
259 126 0 29 0 104 0
450 1 0 142 0 307 0
163 0 0 0 0 163 0
558 195 0 245 0 118 0
368 258 0 90 0 20 0
45 13 0 16 0 16 0
83 15 0 35 0 33 0
57 19 0 15 0 23 0
4 1 0 0 0 3 0
4 0 0 2 0 2 0
920 258 0 245 0 417 0
412 179 0 53 0 180 0
295 79 0 74 0 142 0
189 70 0 74 0 45 0
273 73 0 174 0 26 0
604 156 0 218 0 230 0
831 190 0 431 0 210 0
951 277 0 320 0 354 0
546 122 0 220 0 204 0
845 268 0 394 0 183 0
999 499 0 0 0 500 0
749 187 0 365 0 197 0
758 312 0 351 0 95 0
422 138 0 125 0 159 0
423 89 0 261 0 73 0
708 70 0 294 0 344 0
459 121 0 220 0 118 0
4 2 0 2 0 0 0
4 1 0 2 0 1 0
264 66 0 127 0 71 0
1000 333 0 333 0 334 0
7 2 0 3 0 2 0
489 244 0 152 0 93 0
970 119 0 366 0 485 0
670 245 0 119 0 306 0
720 279 0 334 0 107 0
999 499 0 1 0 499 0
533 157 0 121 0 255 0
458 85 0 176 0 197 0
514 149 0 230 0 135 0
778 172 0 356 0 250 0
