99
6 2 0 2 0 2 0
3 1 0 2 0 0 0
5 1 0 2 0 2 0
5 3 0 1 0 1 0
1000 500 0 1 0 499 0
564 138 0 314 0 112 0
774 262 0 179 0 333 0
399 34 0 187 0 178 0
411 155 0 226 0 30 0
259 86 0 105 0 68 0
975 304 0 375 0 296 0
988 489 0 443 0 56 0
4 2 0 2 0 0 0
21 18 0 1 0 2 0
682 192 0 206 0 284 0
563 275 0 268 0 20 0
194 59 0 41 0 94 0
961 425 0 209 0 327 0
514 4 0 509 0 1 0
245 46 0 118 0 81 0
952 161 0 449 0 342 0
257 0 0 0 0 257 0
1000 333 0 333 0 334 0
473 108 0 211 0 154 0
892 412 0 385 0 95 0
120 46 0 37 0 37 0
743 272 0 106 0 365 0
14 4 0 5 0 5 0
987 454 0 97 0 436 0
524 222 0 188 0 114 0
216 43 0 84 0 89 0
4 1 0 2 0 1 0
711 208 0 265 0 238 0
3 2 0 1 0 0 0
826 94 0 397 0 335 0
766 339 0 301 0 126 0
4 1 0 1 0 2 0
12 6 0 0 0 6 0
290 80 0 91 0 119 0
999 500 0 249 0 250 0
898 357 0 444 0 97 0
962 101 0 409 0 452 0
647 267 0 100 0 280 0
312 151 0 15 0 146 0
400 123 0 107 0 170 0
552 273 0 259 0 20 0
229 43 0 93 0 93 0
4 0 0 3 0 1 0
568 128 0 241 0 199 0
830 180 0 504 0 146 0
680 65 0 340 0 275 0
1000 0 0 501 0 499 0
764 256 0 129 0 379 0
736 309 0 98 0 329 0
6 2 0 1 0 3 0
658 19 0 75 0 564 0
999 499 0 250 0 250 0
999 500 0 0 0 499 0
703 287 0 103 0 313 0
187 78 0 42 0 67 0
639 208 0 164 0 267 0
302 151 0 30 0 121 0
512 137 0 166 0 209 0
1000 0 0 500 0 500 0
820 250 0 309 0 261 0
177 23 0 75 0 79 0
999 333 0 333 0 333 0
400 144 0 78 0 178 0
146 23 0 68 0 55 0
6 0 0 3 0 3 0
382 17 0 174 0 191 0
236 114 0 45 0 77 0
963 305 0 434 0 224 0
984 12 0 565 0 407 0
218 90 0 103 0 25 0
752 245 0 197 0 310 0
376 171 0 55 0 150 0
1000 250 0 500 0 250 0
942 146 0 414 0 382 0
64 25 0 19 0 20 0
3 1 0 1 0 1 0
666 313 0 236 0 117 0
897 328 0 131 0 438 0
5 3 0 0 0 2 0
4 2 0 1 0 1 0
129 56 0 21 0 52 0
237 34 0 110 0 93 0
643 557 0 51 0 35 0
559 164 0 122 0 273 0
3 3 0 0 0 0 0
288 30 0 9 0 249 0
236 9 0 118 0 109 0
999 1 0 499 0 499 0
419 85 0 163 0 171 0
7 2 0 2 0 3 0
617 251 0 129 0 237 0
711 282 0 109 0 320 0
72 36 0 31 0 5 0
4 2 0 0 0 2 0
