99
6 2 0 2 0 2 0
3 1 0 2 0 0 0
229 98 0 25 0 106 0
4 2 0 2 0 0 0
231 84 0 96 0 51 0
3 1 0 0 0 2 0
1000 500 0 500 0 0 0
5 2 0 2 0 1 0
483 347 0 7 0 129 0
326 113 0 60 0 153 0
169 55 0 67 0 47 0
13 4 0 6 0 3 0
569 193 0 242 0 134 0
4 2 0 1 0 1 0
278 20 0 124 0 134 0
144 25 0 49 0 70 0
24 5 0 11 0 8 0
322 146 0 134 0 42 0
283 25 0 74 0 184 0
615 1 0 601 0 13 0
404 131 0 108 0 165 0
27 6 0 13 0 8 0
573 93 0 233 0 247 0
942 178 0 421 0 343 0
680 251 0 289 0 140 0
963 481 0 170 0 312 0
3 0 0 0 0 3 0
671 326 0 311 0 34 0
867 176 0 285 0 406 0
961 261 0 258 0 442 0
97 43 0 9 0 45 0
973 172 0 458 0 343 0
265 89 0 125 0 51 0
891 396 0 407 0 88 0
326 78 0 66 0 182 0
999 333 0 333 0 333 0
32 14 0 4 0 14 0
999 250 0 249 0 500 0
838 304 0 189 0 345 0
978 59 0 484 0 435 0
215 24 0 102 0 89 0
912 358 0 193 0 361 0
73 5 0 16 0 52 0
1000 1 0 499 0 500 0
215 118 0 21 0 76 0
225 105 0 64 0 56 0
441 54 0 211 0 176 0
651 236 0 310 0 105 0
3 1 0 1 0 1 0
999 250 0 499 0 250 0
958 468 0 160 0 330 0
208 57 0 95 0 56 0
35 3 0 21 0 11 0
662 292 0 118 0 252 0
326 104 0 110 0 112 0
42 35 0 6 0 1 0
960 155 0 364 0 441 0
91 34 0 18 0 39 0
719 221 0 210 0 288 0
1000 250 0 250 0 500 0
5 3 0 1 0 1 0
699 318 0 160 0 221 0
1000 333 0 334 0 333 0
7 3 0 2 0 2 0
352 92 0 107 0 153 0
102 20 0 37 0 45 0
185 37 0 66 0 82 0
999 499 0 1 0 499 0
4 1 0 2 0 1 0
43 4 0 21 0 18 0
327 89 0 103 0 135 0
677 303 0 292 0 82 0
6 2 0 3 0 1 0
443 196 0 98 0 149 0
444 102 0 148 0 194 0
747 181 0 250 0 316 0
4 0 0 1 0 3 0
5 3 0 2 0 0 0
753 4 0 220 0 529 0
50 17 0 9 0 24 0
202 63 0 45 0 94 0
439 186 0 212 0 41 0
972 473 0 246 0 253 0
894 398 0 410 0 86 0
999 0 0 500 0 499 0
45 14 0 14 0 17 0
704 336 0 284 0 84 0
58 24 0 32 0 2 0
1000 0 0 499 0 501 0
6 0 0 3 0 3 0
412 202 0 105 0 105 0
433 63 0 215 0 155 0
882 224 0 426 0 232 0
833 403 0 376 0 54 0
332 144 0 150 0 38 0
4 2 0 0 0 2 0
416 201 0 7 0 208 0
793 328 0 220 0 245 0
4 1 0 1 0 2 0
